50765.54401367185
60477.65756835934
67395.84243164063
67870.90468750003
63752.40610351562
57493.89584960944
50835.71689453123
44938.52050781253
40005.60336914062
36026.12846679689
33109.573486328096
30970.99443359374
29073.26118164063
27223.11206054684
25309.64926757816
23363.720507812504
21396.520166015638
19516.00043945312
17811.146337890612
16362.913671875001
15167.176660156247
14261.050488281251
13533.950927734375
12895.097119140628
12337.026025390624
11787.981884765613
11219.615380859375
10639.090771484367
10058.954409179685
9492.468432617192
8966.560903320307
8492.23787109375
8086.2183886718685
7730.859716796879
7411.815302734381
7132.305356445314
6867.237783203123
6611.785888671879
6373.434194335941
6133.685166015624
5899.228906249997
5666.9291845703165
5449.842314453131
5245.341250000001
5052.220810546874
4876.3773291015605
4713.770566406247
4560.373725585936
4414.085268554685
4276.971210937505