-2886.6619684643565
13242.236829833988
21760.431164453108
25187.642779296875
25040.767599716804
23247.2953756836
20927.17771484375
18547.999829101587
16409.73782226561
14684.804023437486
13196.180703125001
11938.936196289062
10991.408486328124
10105.077143554678
9256.17151855469
8470.507763671874
7774.596591796871
7084.078857421871
6485.239204101558
5927.879204101559
5469.962241210937
5040.052998046869
4658.629658203121
4316.5886914062485
3987.274033203125
3684.4942187499973
3425.509985351563
3202.2753076171857
2990.866899414063
2800.1018603515618
2624.2716552734364
2475.5856884765617
2313.2017724609395
2148.197392578125
2000.334306640627
1849.2866406249998
1719.4433935546858
1590.1820947265624
1458.382379882813
1353.1366943359371
1250.797330566405
1169.7402329101556
1091.6929384765613
1013.1930317382818
937.9581459960939
862.1577353515618
790.8735644531254
719.1659887695312
647.9095390624997
585.5430395507818