9365.940788642574
1036.4566507421873
2164.78928823242
2771.0821141943375
2207.4039308344745
1757.627065038088
1488.4063933886696
1518.8850861474602
1404.3842844384762
1159.289870278321
986.282966704102
954.4235183706046
798.032114799804
789.6361766995855
715.3486158740232
663.8629982680663
585.9487814062505
539.0982001513667
521.172199150391
545.8887311425785
503.1015711806647
461.66987268359344
459.77315064453126
456.87518045004896
441.4708428567481
410.2282615424808
376.45711770800835
364.9588647797851
347.90421823681595
337.9320574580077
335.0667485488284
330.81596055312514
314.87151444433596
299.51145670019537
285.4346816005859
294.40219598583997
287.95731733436526
278.52516536132816
285.97885956249996
279.9306104160154
271.396058413574
265.98896920263644
269.12664990429687
249.5011575097653
240.30391926064434
241.79523729541032
234.65553181992198
232.96311262646532
233.8469595092775
228.95935394726564